Horizontal-Spectrum-NTC - Comune Brescia (BS) - SLC q=1 VR=50 Suolo=C Topo=T2 h/H=1 (1)
Time (s)      Acc. (m/s^2)
0             -6.29470809129998E-03
0.01          -9.92405543220229E-03
0.02          -6.98792006063741E-03
0.03          -2.59521700325422E-03
0.04          6.27866993250791E-03
0.05          1.30003932164982E-02
0.06          2.12860257038847E-02
0.07          5.94598608836532E-02
0.08          9.27041597943753E-02
0.09          8.85817448515445E-02
9.999999E-02  6.82468144549057E-02
0.11          3.79699614993297E-02
0.12          1.02730474120472E-02
0.13          3.09108852781355E-02
0.14          2.91463235020638E-02
0.15          -3.63663351978175E-02
0.16          -6.98831577552483E-02
0.17          -3.13881345628761E-02
0.18          -3.67886846093461E-02
0.19          -7.19544745143503E-02
0.2           -9.77490346762352E-03
0.21          2.02272890950553E-02
0.22          1.96062919520773E-02
0.23          7.27382435230538E-02
0.24          7.00431202165782E-02
0.25          8.22208513040096E-03
0.26          -4.75356979575008E-02
0.27          -0.173013538029045
0.28          -0.144430210031569
0.29          -6.63836265960708E-02
0.3           -3.87102669663727E-02
0.31          -1.99180421931669E-02
0.32          -3.69459747103974E-02
0.33          -6.63988167943899E-03
0.34          0.055012354454957
0.35          5.21120715374127E-02
0.36          7.84318738337606E-02
0.37          6.84448706125841E-02
0.38          7.87062727008015E-02
0.39          3.9322496711975E-03
0.4           2.43860915349796E-02
0.41          -3.84188278054353E-03
0.42          -2.14570681820624E-02
0.43          7.77342827338725E-02
0.44          6.46609135251492E-02
0.45          0.186690193712711
0.46          0.346097315736115
0.47          0.361472825109959
0.48          0.407360055930913
0.49          0.326108316667378
0.5           0.120206712204963
0.51          -7.70849677082151E-02
0.52          -9.49862549733371E-02
0.53          -0.150671235658228
0.54          -0.290316797029227
0.55          -0.232423112858087
0.56          -0.405974485091865
0.57          -0.627522306740284
0.58          -0.705781806483865
0.59          -0.711089543402195
0.6           -0.680261122137308
0.61          -0.542593545913696
0.62          -0.520373760983348
0.63          -0.540894271954894
0.64          -0.482706326656044
0.65          -0.477070780210197
0.66          -0.573905605003238
0.67          -0.620270297527313
0.68          -0.441918233335018
0.69          -0.438585685864091
0.7           -0.391388569101691
0.71          -0.29601432396099
0.72          -0.108622647095472
0.73          0.13946281760931
0.74          2.45627939351834E-02
0.75          -4.12366158748046E-02
0.76          -0.19832966119051
0.77          -0.418035500273108
0.78          -0.465447721481323
0.79          -0.407007322646677
0.8           -0.276366272382438
0.81          -3.04956324677914E-02
0.82          0.127930454676971
0.83          0.348408720083535
0.84          0.157412362676114
0.85          -0.12010076796636
0.86          0.138731815153733
0.87          0.237556584477425
0.88          0.311468533203006
0.89          0.340527477376163
0.9           0.392935815453529
0.91          0.6939432413131
0.92          0.719386961683631
0.93          0.472722242474556
0.94          0.455669057294726
0.95          0.309822943992913
0.96          0.14157349800691
0.97          -0.201531066577882
0.98          -0.32209756527096
0.9899999     -0.504097890034318
1             -0.326686862111092
1.01          -0.332980439588428
1.02          -0.201914570834488
1.03          -0.141455512158573
1.04          -0.227841326035559
1.05          -0.603896412625909
1.06          -0.547372182905674
1.07          -0.798115554302931
1.08          -1.17223473742604
1.09          -1.21761073887348
1.1           -0.875408801659942
1.11          -0.284895075950772
1.12          0.244889650717378
1.13          0.643903939202428
1.14          0.591722655817866
1.15          0.280931211914867
1.16          0.564483657516539
1.17          0.701582116931677
1.18          0.560256084054709
1.19          0.854954144954681
1.2           1.12167415603995
1.21          0.999503236189485
1.22          1.07783494904637
1.23          0.841228464022279
1.24          -0.17585046088323
1.25          -0.336720647625625
1.26          -0.221186883989722
1.27          -0.380645150877535
1.28          -0.134404464438558
1.29          0.256038481984288
1.3           0.451459208205342
1.31          -0.285846692025661
1.32          -0.835181785225868
1.33          -0.782030083313584
1.34          -0.349466517940164
1.35          -0.160495124403387
1.36          -0.18331465093419
1.37          -0.420832077339292
1.38          -4.62507403409109E-02
1.39          0.847713537812233
1.4           1.34958678156137
1.41          1.53628092214465
1.42          1.20120600990951
1.43          0.984621706902981
1.44          1.07600659780204
1.45          1.00515098869801
1.46          0.625774793252349
1.47          0.335420299954712
1.48          -0.280559274181724
1.49          -0.295825221352279
1.5           -0.160444545987993
1.51          -0.165736933965236
1.52          3.75750049226917E-02
1.53          -1.69189813022967E-04
1.54          7.64760076068342E-02
1.55          0.174136404432356
1.56          -0.379802932552993
1.57          -0.276666618268937
1.58          1.40940246835817E-02
1.59          -0.357419425584376
1.6           -0.328850222267211
1.61          -0.236082793772221
1.62          0.38318412154913
1.63          0.276475925948471
1.64          -0.151374710518867
1.65          0.276399674601853
1.66          0.228530603125691
1.67          0.42764163505286
1.68          0.611784854717553
1.69          0.573926106803119
1.7           0.331231683567166
1.71          1.33785139233805E-02
1.72          -0.43881822232157
1.73          -0.802463397681713
1.74          -0.901514353752136
1.75          -0.67420801140368
1.76          -1.12163921892643
1.77          -1.13202665135264
1.78          -1.49771473422647
1.79          -2.33751362711191
1.8           -2.03749518468976
1.81          -1.39840343087912
1.82          -0.739164218455553
1.83          -0.242928476314992
1.84          3.61442848993465E-02
1.85          0.443281840570271
1.86          0.432309832759202
1.87          0.291131003536284
1.88          -0.145905014863238
1.89          -0.255659472774714
1.9           -0.576340751051903
1.91          -0.687125826403499
1.92          -1.32618271619082
1.93          -1.49214526131749
1.94          -1.65111716777086
1.95          -1.26086770936847
1.96          -0.357126662805676
1.97          -0.286643101070076
1.98          -9.12151754647493E-02
1.99          0.541929448395967
2             1.61895353481174
2.01          1.87915302336216
2.02          1.58875544339418
2.03          1.69216199040413
2.04          1.87262884631753
2.05          2.19656941741705
2.06          1.88222588136792
2.07          2.16700194820762
2.08          2.48076397866011
2.09          2.33319852814078
2.1           1.7865281572938
2.11          1.15438625782728
2.12          0.495592128150165
2.13          0.673848846182227
2.14          0.503459118269384
2.15          0.206396918445826
2.16          -0.122200393471867
2.17          0.384464515596628
2.18          0.580607793219388
2.19          -0.342214691452682
2.2           -0.920426514968276
2.21          -0.944780972152948
2.22          -0.303850195929408
2.23          0.513828533962369
2.24          0.293248207233846
2.25          0.431556930653751
2.26          -5.62630967237055E-02
2.27          -0.212191509157419
2.28          -0.659795355722308
2.29          -0.944856766685844
2.3           -1.05814043037593
2.31          -1.48536950781941
2.32          -1.24739060819149
2.33          -0.94034995213151
2.34          -0.124578647939488
2.35          0.174940469674766
2.36          5.10920384712517E-02
2.37          -4.41987576516112E-03
2.38          0.209713294710964
2.39          0.840339541062713
2.4           0.726834194809198
2.41          0.85800821878016
2.42          0.774801974594593
2.43          9.44209845364094E-02
2.44          0.126840615905821
2.45          -6.98238176526502E-02
2.46          -0.213874301277101
2.47          0.245210005044937
2.48          0.657027576193214
2.49          0.941433660462499
2.5           0.545292584113777
2.51          0.236748773362488
2.52          0.577873854450881
2.53          1.15001875318587
2.54          1.08720196925104
2.55          1.22440681144595
2.56          0.978138971999288
2.57          -0.650481618270278
2.58          -1.25901531144977
2.59          -2.63301348745823
2.6           -2.69995972126722
2.61          -1.58018357142806
2.62          -0.895170782580972
2.63          -0.104658627742901
2.64          0.407706101462245
2.65          0.910400148108602
2.66          0.689125208705664
2.67          0.718120674043894
2.68          -0.122475404469296
2.69          -0.543976668231189
2.7           -0.413962439484894
2.71          -0.327602426446974
2.72          -0.226176166925579
2.73          -0.548056051321328
2.74          -0.800545437857509
2.75          -0.231806798055768
2.76          -2.75720885954797E-02
2.77          -0.311619756817818
2.78          1.06427273433656E-02
2.79          0.853565431237221
2.8           0.601626011878252
2.81          4.64810566836968E-02
2.82          -0.599165101535618
2.83          -0.859452700316906
2.84          -1.02266617700458
2.85          -0.735758800059557
2.86          -0.591139871142805
2.87          -0.53982613183558
2.88          -0.818960439562798
2.89          -0.609448307342827
2.9           0.122144095748663
2.91          0.709757986217737
2.92          1.19551082186401
2.93          0.679465827718377
2.94          0.535772805400193
2.95          0.688353668600321
2.96          0.34313051160425
2.97          0.15840744914487
2.98          0.476805755160749
2.99          0.333275541253388
3             0.282079422343522
3.01          3.73658504756168E-02
3.02          -0.375515790581703
3.03          -0.51987689383328
3.04          -0.448451656289399
3.05          -0.698896344602108
3.06          -0.17665469057858
3.07          -0.129681430812925
3.08          -0.231345324832946
3.09          0.310765770971775
3.1           0.151396802030504
3.11          0.144695271626115
3.12          0.416229039542377
3.13          0.879894127696753
3.14          0.729282716363668
3.15          0.868754670247436
3.16          1.33184764489532
3.17          1.34220569506288
3.18          0.555399825274944
3.19          6.07674033707008E-02
3.2           0.093278986774385
3.21          0.179856826867908
3.22          -0.42874197140336
3.23          -0.853118338510394
3.24          -0.593990388773382
3.25          -0.316552723757923
3.26          -0.302600719034672
3.27          0.146107346797362
3.28          0.368273100368679
3.29          0.854382067993283
3.3           1.39133210062981
3.31          1.32215646967292
3.32          1.10279028072953
3.33          1.08088683016598
3.34          0.438983881250024
3.35          -0.254277812261134
3.36          -0.305125857386738
3.37          0.650137655809522
3.38          0.941230031177402
3.39          0.520547423288226
3.4           0.260448689572513
3.41          0.139844823516905
3.42          -0.377839876078069
3.43          -0.503430064916611
3.44          -0.586876556575298
3.45          -0.874494589492679
3.46          -0.948678945377469
3.47          -1.39750968396664
3.48          -1.26175093129277
3.49          -0.923423724621534
3.5           -0.473555361069739
3.51          -0.501799276471138
3.52          -0.45495478335768
3.53          0.482066933624446
3.54          7.48124382086098E-02
3.55          -0.507286632545292
3.56          -0.762423930689693
3.57          -1.1397753084451
3.58          -1.50991670385003
3.59          -1.8095933765173
3.6           -2.00841420382261
3.61          -1.39491834416986
3.62          -1.04924886189401
3.63          -1.03404595501721
3.64          -1.59155055865645
3.65          -1.79285499081016
3.66          -1.70687519297004
3.67          -1.61977609187365
3.68          -1.29880035147071
3.69          -1.58839101567864
3.7           -1.3459202849865
3.71          -0.667325473129749
3.72          -0.917876105681062
3.73          -1.10851039253175
3.74          -1.38158142998815
3.75          -1.6082333958149
3.76          -0.741290339156985
3.77          6.02613302820828E-03
3.78          0.395513523928821
3.79          0.559573787078261
3.8           5.98444980382919E-02
3.81          0.582659581191838
3.82          1.33038057848811
3.83          1.42872416764498
3.84          0.772720658183098
3.85          0.663561254963279
3.86          1.37518326044083
3.87          0.803958092182875
3.88          0.463118336945772
3.89          0.546358166076243
3.9           0.868471957370639
3.91          0.657430814802647
3.92          0.108883862318471
3.93          -6.11827338393778E-02
3.94          -0.38665356695652
3.95          -0.248457566890866
3.96          -0.459725088067353
3.97          0.111313170287758
3.98          4.73578957782593E-03
3.99          -1.05960778914392
4             -0.97560880869627
4.01          -0.578476738929749
4.02          0.262193443905562
4.03          0.692305874750018
4.04          0.572254826389253
4.05          0.803944351226091
4.06          1.36916238248348
4.07          0.966406095251441
4.08          0.889750706031919
4.09          0.524497911818326
4.1           0.202699084449559
4.11          -0.290876247659326
4.12          -0.545789085812867
4.13          -0.760904604792595
4.14          -1.27349564865232
4.15          -1.87140911713243
4.16          -1.43537318274379
4.17          -1.11134994663298
4.18          -0.699647127091885
4.19          -0.296966232396662
4.2           -0.421450456939638
4.21          -0.40012507673353
4.22          -0.192452697828412
4.23          -7.05110345128924E-02
4.24          -0.416819571778178
4.25          -0.346400128416717
4.26          -0.588688425980508
4.27          -0.369200139865279
4.28          -0.171955612264574
4.29          0.398663272820413
4.3           0.841201420649886
4.31          1.35207784160972
4.32          1.83857320055366
4.33          1.87303785905242
4.34          1.42555336877704
4.35          1.35362662285566
4.36          1.67903250619769
4.37          0.7553405405581
4.38          0.262899129744619
4.39          0.829240648671985
4.4           1.57435287415981
4.41          1.04299299895763
4.42          0.625595941543579
4.43          0.740521503388882
4.44          0.681841697618365
4.45          0.794835704863072
4.46          0.749212804734707
4.47          0.775948905944824
4.48          1.41680739596486
4.49          2.10245585024357
4.5           1.45000627845526
4.51          1.52516814261675
4.52          0.67391711242497
4.53          0.438416555151343
4.54          0.775979457646608
4.55          0.51485753428191
4.56          -0.114337121816352
4.57          -0.748376360535622
4.58          -1.2185710709542
4.59          -0.587166688106954
4.6           -0.145191727643833
4.61          0.18332086360082
4.62          0.229272377248853
4.63          -7.63948546489701E-02
4.64          -0.153085624091327
4.65          -0.38305153593421
4.66          -0.477566843368113
4.67          -0.531188186332583
4.68          -6.36568323941901E-02
4.69          0.370341881811619
4.7           0.319479328282177
4.71          4.19978045811877E-02
4.72          0.133080864949152
4.73          0.507188801318407
4.74          0.411277288421989
4.75          0.275935314316303
4.76          0.319597149677575
4.77          0.992897051945329
4.78          0.275110345277935
4.79          0.105522846216336
4.8           8.47660617655492E-04
4.81          -0.263101443406194
4.82          -0.314093786850572
4.83          -3.87526912568137E-02
4.84          0.20758249623701
4.85          1.63683266204316E-02
4.86          -0.498201557770371
4.87          -0.173245051223785
4.88          -0.360987542755902
4.89          -0.416733946613967
4.9           9.68658515810967E-02
4.91          0.16686800474301
4.92          -0.51170690830797
4.93          -0.922438176423311
4.94          -0.488961860686541
4.95          -0.103218961022794
4.96          0.264804883506149
4.97          0.481073601320386
4.98          0.624605496302247
4.99          0.263026580773294
5             0.474986832551658
5.01          0.625447641536593
5.02          0.928234740570188
5.03          1.43939328968525
5.04          1.22546968907118
5.05          1.10196019537747
5.06          1.05063932977617
5.07          0.814711998850107
5.08          1.37075764909387
5.09          1.69063922926784
5.1           1.3348377647996
5.11          0.851257389038801
5.12          0.579722232408822
5.13          -4.93933309614658E-02
5.14          -1.53051366716623
5.15          -1.7347159793973
5.16          -1.52853043779731
5.17          -0.759230254590511
5.18          -0.131767991445959
5.19          0.629078762456775
5.2           0.613186761215329
5.21          0.104844532655552
5.22          -9.05951376305893E-03
5.23          0.390413472801447
5.24          0.420078736692667
5.25          -5.67699680943042E-02
5.26          0.265188058856875
5.27          0.497487356923521
5.28          0.247095056008548
5.29          0.80072779789567
5.3           0.48393292631954
5.31          2.38577019539662E-02
5.32          0.186407042294741
5.33          0.418907356671989
5.34          0.357771537601948
5.35          0.562283606082201
5.36          0.843434545397759
5.37          0.840866155922413
5.38          6.47306735487655E-02
5.39          9.88037741649896E-02
5.4           0.755320075303316
5.41          0.671538465097547
5.42          9.09709719847888E-02
5.43          0.153442742787302
5.44          0.51691772762686
5.45          -8.55686963244807E-03
5.46          -0.892475362345576
5.47          -1.7799058932066
5.48          -2.2036283223331
5.49          -2.27938324034214
5.5           -2.10920075967908
5.51          -1.76939523071051
5.52          -1.08860142722726
5.53          -0.493368797488511
5.54          -0.533926400877535
5.55          -1.01433228671551
5.56          -0.932571766600013
5.57          -0.774751323089004
5.58          -0.700906471163035
5.59          -0.281377482376993
5.6           0.281659044083208
5.61          8.51658471487463E-02
5.62          -0.251116350665689
5.63          -1.07551930546761
5.64          -1.31714657530189
5.65          -1.04367887735367
5.66          -0.467156570255756
5.67          -0.301150828823447
5.68          -0.397114455029368
5.69          -0.161816065236926
5.7           0.204924425091594
5.71          -0.377196389995515
5.72          -0.443956024535
5.73          -0.185663148555905
5.74          0.228035435322672
5.75          -0.234225955624133
5.76          -0.501696730926633
5.77          -0.552097500599921
5.78          -0.207575899846852
5.79          1.13042648769915
5.8           1.5219990979135
5.81          1.0354239975661
5.82          0.629348172917962
5.83          0.203491144627333
5.84          0.293380098491907
5.85          0.940975238755345
5.86          0.94898329295218
5.87          1.19191186062992
5.88          1.38594842299819
5.89          0.766473346799612
5.9           0.223296285308898
5.91          0.368191458620131
5.92          0.824095756709576
5.93          0.582096275053918
5.94          0.608891762048006
5.95          0.98621419608593
5.96          0.852951035052538
5.97          0.637361489608884
5.98          0.776914792880416
5.99          0.6634683573246
6             0.647418335080147
6.01          0.769303399175406
6.02          0.632976954951882
6.03          0.155072270426899
6.04          0.57706343036145
6.05          1.12271101355553
6.06          0.915551837459207
6.07          1.16987604372203
6.08          1.11557572938502
6.09          0.339159302003682
6.1           0.132634631032124
6.11          -0.348792260885239
6.12          -0.880940413847566
6.13          -0.814623559713364
6.14          -0.827297180369496
6.15          -1.0510947547853
6.16          -0.65540336586535
6.17          -0.495201059058309
6.18          -0.635042191520333
6.19          4.29307969316142E-03
6.2           0.478338566198945
6.21          0.113535888819024
6.22          -0.536899381130934
6.23          -1.28535628706217
6.24          -1.60583998426795
6.25          -1.31485797509551
6.26          -1.70591610342264
6.27          -2.20763044908643
6.28          -2.08539849892259
6.29          -1.35284221887589
6.3           -1.26124163880944
6.31          -0.810070552155375
6.32          -0.566828610263765
6.33          -0.717927131205797
6.34          -0.426482936181128
6.35          -0.586436772868037
6.36          -0.138387158336118
6.37          0.240729411598295
6.38          0.643213163763285
6.39          0.682190410941839
6.4           1.15364198036492
6.41          1.8169642303884
6.42          1.98492579236627
6.43          2.42629658013582
6.44          2.34285111173987
6.45          1.5743043422699
6.46          1.07072809696198
6.47          0.400072853788734
6.48          -0.306539019774646
6.49          -0.676008369103074
6.5           -0.829681674912572
6.51          -0.147341273752972
6.52          0.120121141858399
6.53          -0.155275954529643
6.54          0.154255103766918
6.55          -0.477386164404452
6.56          -0.609040281325579
6.57          -0.519882741048932
6.58          -8.44165355991572E-02
6.59          0.242115676794201
6.6           0.692458413988352
6.61          0.669768732190132
6.62          -0.120340713942423
6.63          -0.746277575567365
6.64          -0.799736841022968
6.65          -0.490084891542792
6.66          -0.21474012773484
6.67          -0.359065380245447
6.68          4.78351490601199E-03
6.69          -0.485242337174714
6.7           -0.517965219765902
6.71          0.191911885198206
6.72          0.125916399518028
6.73          0.233586197141558
6.74          5.27732454473153E-02
6.75          4.54067221703008E-02
6.76          0.988543215170503
6.77          0.872662145197392
6.78          0.531881373748183
6.79          1.08557856291533
6.8           0.342225252985954
6.81          -0.287837687227875
6.82          -0.376806563436985
6.83          -0.567699772305787
6.84          -1.07622557602823
6.85          -1.39556475386024
6.86          -1.21791318610311
6.87          -0.748741080611944
6.88          -0.936123438477516
6.89          -0.908759711757302
6.9           -0.913598794341087
6.91          -1.08650878183544
6.92          -0.390740185976028
6.93          -0.783349946066737
6.94          -1.04952587373555
6.95          -1.59454330980778
6.96          -2.57952374339104
6.97          -2.20574837654829
6.98          -1.66340392202139
6.99          -1.04941587299109
7             -0.83547955468297
7.01          -0.123223409531638
7.02          1.09184261195362
7.03          1.41440477505326
7.04          1.05504915364087
7.05          0.627899525240064
7.06          5.12129068141803E-02
7.07          -0.193213164769113
7.08          -0.784401494711638
7.09          -0.480738373138011
7.1           -0.878508922308683
7.11          -1.23921488508582
7.12          -0.961935021802783
7.13          -0.48102086674422
7.14          4.88174944231287E-02
7.15          -0.564783656224608
7.16          0.041613368424587
7.17          0.439200191684067
7.18          -0.360969124026597
7.19          -1.1957733618468
7.2           -1.26012408971787
7.21          -0.53757261492312
7.22          -0.845139739662409
7.23          -0.772158009856939
7.24          -1.2221547563374
7.25          -0.987767362743616
7.26          -0.754780888929963
7.27          -0.729616592377424
7.28          0.369878416880965
7.29          0.670398988947272
7.3           0.767129038944841
7.31          1.03270825825632
7.32          0.708451645150781
7.33          -1.12850896641612E-02
7.34          0.740023759156466
7.35          3.43837796291336E-02
7.36          -0.210061149224639
7.37          -0.580572783015668
7.38          -0.41124900251627
7.39          -0.287381348591298
7.4           0.159920489285141
7.41          0.537849480584264
7.42          0.980587639734149
7.43          0.663138282001019
7.44          0.751145163327456
7.45          1.18773380577564
7.46          1.50760237589478
7.47          1.83240014880896
7.48          1.62649732008576
7.49          1.12376665525138
7.5           0.815843215808272
7.51          0.323129343017936
7.52          0.534399732984603
7.53          0.530989088639617
7.54          -0.114737153593451
7.55          -0.828541687130928
7.56          -0.758113801851869
7.57          -0.503744279667735
7.58          -7.19492622697726E-02
7.59          0.6785198944062
7.6           0.950886196196079
7.61          1.07642270028591
7.62          0.864210579693317
7.63          -4.42850252101198E-02
7.64          -0.3959597395733
7.65          -0.262968254797161
7.66          -0.242845043856651
7.67          -0.922624848783016
7.68          -1.03242846898735
7.69          -0.188819219749421
7.7           -0.195304348357022
7.71          4.44179123220965E-02
7.72          -4.23601081129164E-02
7.73          -0.255472745597363
7.74          -0.204740712884814
7.75          -0.291492946185172
7.76          0.114349474059418
7.77          -0.252194997500628
7.78          -0.532422387376428
7.79          -0.699749818816781
7.8           -1.24498067826033
7.81          -1.58766786128283
7.82          -1.51962308183312
7.83          -1.72796843871474
7.84          -1.39471076801419
7.85          -0.627928322777152
7.86          9.94840428885072E-02
7.87          0.373614385686815
7.88          0.802341994866729
7.89          1.36342626392841
7.9           1.59556876525283
7.91          1.36159155383706
7.92          1.2261658731848
7.93          0.746860250607133
7.94          -4.15923047438264E-02
7.95          0.329492173455656
7.96          0.70612847328186
7.97          0.242792638186365
7.98          -6.23854649858549E-02
7.99          -0.706703766211867
8             -1.50586458340287
8.01          -1.13281792581081
8.02          -0.886977371647954
8.03          -1.44063377648592
8.04          -1.6705357709527
8.05          -1.29662825703621
8.059999      -0.796811625212431
8.07          -0.223989545814693
8.08          0.584975553676486
8.09          1.07071844905615
8.099999      1.05226361319423
8.11          1.21502458848059
8.12          1.36552088275552
8.13          1.29177594512701
8.139999      1.53088291883469
8.15          1.61337280601263
8.16          1.07008300289512
8.17          0.723204828053713
8.179999      0.93194626070559
8.19          1.13549609676003
8.2           1.53730330780149
8.21          1.83432797580957
8.22          1.84933485478163
8.23          2.38323022887111
8.24          2.24476319208741
8.25          2.5301922467351
8.26          2.1631191046536
8.27          1.35772201269865
8.28          0.461608366593719
8.29          0.440885578505695
8.3           1.55163600280881
8.309999      2.20526115730405
8.32          2.45840656489134
8.33          2.32491857841611
8.34          1.67657492145896
8.349999      1.03508442051709
8.36          0.414674484170973
8.37          0.892006854191423
8.38          0.451032142192125
8.389999      -1.06469676710665
8.4           -1.66898070394993
8.41          -1.39235039323568
8.42          -1.44383805066347
8.429999      -1.0089451007545
8.44          -0.587203708291054
8.45          -0.466489987671375
8.46          0.163332065530121
8.47          -0.458637359775603
8.48          -1.31094224095345
8.49          -1.47927290841937
8.5           -1.57159284219146
8.51          -1.3617691630125
8.52          -1.71954684019089
8.53          -1.99698742881417
8.54          -1.5073733112216
8.55          -1.17943156354129
8.559999      -1.12409928873181
8.57          -0.839922415316105
8.58          -0.844162450656295
8.59          -1.10710099428892
8.599999      -0.801749160289764
8.61          -1.08290989369154
8.62          -1.25308521151543
8.63          -1.30351759269834
8.639999      -0.521293820366263
8.65          0.536276616118848
8.66          1.2194931768626
8.67          1.93174127295613
8.679999      1.85221797063947
8.69          1.43149794057012
8.7           0.649883228838444
8.71          0.123436156818643
8.72          0.428121910728514
8.73          -9.03141652140766E-02
8.74          4.72145853191614E-02
8.75          -0.11401428242214
8.76          -0.125057882079855
8.77          -0.46757965285331
8.78          -1.26222514048219
8.79          -1.3277560557425
8.8           -1.14616229519248
8.809999      -0.880709229558706
8.82          -0.441314727589488
8.83          -0.246815376374871
8.84          -0.253455839920789
8.849999      -0.144372788546607
8.86          -0.690285296291113
8.87          -0.262620071377605
8.88          0.39925976190716
8.889999      1.01784609787166
8.9           0.941486066132784
8.91          0.964662747904658
8.92          0.838301201686263
8.929999      0.731811929494143
8.94          0.764407379329205
8.95          0.413220573998988
8.96          0.139195499354973
8.97          -0.127702257949859
8.98          -0.369974859394133
8.99          -0.622902348563075
9             -0.285697387028486
9.01          -0.388438575714827
9.02          -0.782531262785196
9.03          -0.777478756830096
9.04          -0.942226908355951
9.05          -1.04888531126082
9.059999      -1.09988333746791
9.07          -1.13053773097694
9.08          -1.70001523956656
9.09          -1.98100143358111
9.099999      -1.62748681515455
9.11          -0.74205478951335
9.12          -0.182428487129509
9.13          -1.07117439026479E-02
9.139999      6.08300371002406E-02
9.15          8.70326072908938E-02
9.16          -8.21893402934075E-02
9.17          -0.215562794432044
9.179999      -0.387330784164369
9.19          -0.503731963969767
9.2           -1.43282145783305
9.21          -1.70433413922787
9.22          -2.38219921857119
9.23          -3.11289827674627
9.24          -3.06004178613424
9.25          -3.1390519952774
9.26          -3.20901422291994
9.27          -2.14288262218237
9.28          -1.60064049392939
9.29          -1.76186971798539
9.3           -1.62847207099199
9.309999      -0.265313097909093
9.32          1.15688287273049
9.33          1.65307583883405
9.34          1.62452373862267
9.349999      1.74735064297915
9.36          1.60113575309515
9.37          1.67353700056672
9.38          1.39572716027498
9.389999      0.787990223318338
9.4           0.540970029942691
9.41          0.526683637574315
9.42          1.04875389508903
9.429999      1.50392827793956
9.44          1.58528161257505
9.45          1.46900358974934
9.46          1.30973435238004
9.469999      1.0253375505656
9.48          0.427372882403433
9.49          2.12724925973453E-02
9.5           8.07390024047345E-02
9.51          -0.107910410547629
9.52          -0.195213972330093
9.53          0.189952647686005
9.54          0.912005866616964
9.55          1.40829268053174
9.559999      1.13720516480505
9.57          0.642138445526361
9.58          1.02853714697063
9.59          1.63828033670783
9.599999      1.61662663534284
9.61          1.55919309049845
9.62          1.81274239450693
9.63          0.861489504799247
9.639999      0.265189538933337
9.65          7.93027161061764E-02
9.66          -8.59177808091044E-02
9.67          9.92436492349952E-02
9.679999      0.352491574957967
9.69          0.195206279587001
9.7           0.562224293388426
9.71          0.46513617452234
9.719999      -0.352340387888253
9.73          -1.07198364034295
9.74          -1.52928136646748
9.75          -1.50053016856313
9.76          -1.47021747171879
9.77          -2.36803901642561
9.78          -3.17128506392241
9.79          -3.24478251814842
9.8           -2.52924675196409
9.809999      -2.17831572577357
9.82          -1.90004059329629
9.83          -1.53778687253594
9.84          -1.53142977967858
9.849999      -1.14824353851378
9.86          -0.488590781763196
9.87          -0.3807281813398
9.88          -8.68927583377808E-02
9.889999      0.800108285397291
9.9           1.32876236155629
9.91          2.186064748317
9.92          2.2380435718596
9.929999      2.01252786621451
9.94          1.85226153239608
9.95          1.62792667195201
9.96          2.04952232256532
9.969999      1.74708357140422
9.98          1.27675547137856
9.99          1.21308886773884
10            1.3854215888679
10.01         1.68927098080516
10.02         2.0193119519949
10.03         1.84453750669956
10.04         1.55615429252386
10.05         0.938329885303974
10.06         1.19086425885558
10.07         0.899645802900195
10.08         0.20856270885095
10.09         -0.429037475064397
10.1          -0.531168744340539
10.11         -0.484670662209392
10.12         -0.163142232019454
10.13         2.64375774393557E-03
10.14         0.11847010742873
10.15         0.037431501459796
10.16         0.192993272915483
10.17         -0.199927029144019
10.18         -0.659796598255634
10.19         -1.02528149038553
10.2          -1.19700807452202
10.21         -0.809681346863508
10.22         -0.215248141139746
10.23         -0.129140673000365
10.24         -0.68501629717648
10.25         -0.759637074619532
10.26         -0.442333093285561
10.27         -1.61719366908073E-02
10.28         0.195830524675548
10.29         0.181455565262586
10.3          0.983950885087252
10.31         0.854833180680871
10.32         1.34388355359435
10.33         2.14355125129223
10.34         2.01684764295816
10.35         1.89279106914997
10.36         1.68467448458076
10.37         2.00440213680267
10.38         2.16183096304536
10.39         1.98539693176746
10.4          1.69528484210372
10.41         1.75193719893694
10.42         1.56879655748606
10.43         1.04181617371738
10.44         2.04442527727224E-02
10.45         -4.61979235382751E-02
10.46         -0.134523948635906
10.47         -0.907067015916109
10.48         -0.956124789789319
10.49         -1.04329398438334
10.5          -0.712919721901417
10.51         -0.126423883019015
10.52         -0.375677210278809
10.53         -1.18516190797091
10.54         -1.50678800493479
10.55         -1.28919659212232
10.56         -0.769765183031559
10.57         -1.24105368822813
10.58         -1.9718406008184
10.59         -1.87808269053698
10.6          -1.84667671054602
10.61         -2.01926020413637
10.62         -1.99532360360026
10.63         -1.90471573457122
10.64         -1.60493702799082
10.65         -1.32768413498998
10.66         -1.24215676546097
10.67         -0.766031370386481
10.68         -0.254383756499737
10.69         0.279169354476035
10.7          0.231165449861437
10.71         -0.201445222143084
10.72         -0.225828074868768
10.73         -0.752471750378609
10.74         -0.636133355051279
10.75         -6.46087499661371E-02
10.76         0.710500436425209
10.77         0.54028225120157
10.78         0.523191899657249
10.79         0.557561504356563
10.8          8.31241456232965E-02
10.81         -0.359066951684654
10.82         -0.40957308087498
10.83         -0.290257977694273
10.84         -0.451335905045271
10.85         -0.49849231056869
10.86         -0.646027574837208
10.87         -0.91235421448946
10.88         0.150434624422342
10.89         0.524693830087781
10.9          -0.582261495441198
10.91         -1.29313673838973
10.92         -1.55422573462129
10.93         -0.984627334848046
10.94         -0.634427722245455
10.95         -0.976158666238189
10.96         -1.11048740923405
10.97         -1.32474883273244
10.98         -1.12997172050178
10.99         -0.50915423322469
11            -0.441785355359316
11.01         -0.491405229382217
11.02         0.221509029027075
11.03         0.314419842213392
11.04         -0.333214291669428
11.05         -1.04507775060833
11.06         -1.21202058143914
11.07         -1.18872059650719
11.08         -0.841187972053886
11.09         -0.561540607698262
11.1          -0.690931194350123
11.11         0.19952068420127
11.12         0.211220853086561
11.13         -5.67801550403237E-02
11.14         0.129813367752358
11.15         0.728505621403456
11.16         1.09245116092265
11.17         1.6336388169229
11.18         1.85750955462456
11.19         2.43944170564413
11.2          2.59753082871437
11.21         2.69527522444725
11.22         2.23116753861308
11.23         0.794007592946291
11.24         -0.194563049320132
11.25         -0.305585083086044
11.26         -0.292685083821416
11.27         -0.802578953281045
11.28         -0.719585109204054
11.29         -0.474093122184277
11.3          0.115456425072625
11.31         -0.398119810670614
11.32         -7.99805271718651E-02
11.33         0.891530671566725
11.34         1.42697935849428
11.35         0.867473472207785
11.36         0.210598599705845
11.37         -6.39930655667558E-02
11.38         -0.115801091026515
11.39         -2.60747559950687E-02
11.4          0.609802319705486
11.41         0.916515093147755
11.42         1.20897820204496
11.43         0.74078601680696
11.44         0.147779321568087
11.45         -0.288227733056992
11.46         -0.326691137887538
11.47         -0.423169647976756
11.48         -0.577539832256734
11.49         -0.872128952220082
11.5          -0.383575994633138
11.51         -0.546443243063986
11.52         -0.165846751984209
11.53         0.413176866061986
11.54         0.261427531745285
11.55         0.556055151969194
11.56         -4.59526191372424E-02
11.57         -0.585914616510272
11.58         -0.484795244447887
11.59         0.269780224487185
11.6          -2.59949118085206E-02
11.61         -0.276196739673615
11.62         -0.10356823165901
11.63         0.254355561956763
11.64         -0.303462982345372
11.65         -0.696511411517859
11.66         -0.872554629519582
11.67         -0.945217101350427
11.68         -1.42436872288585
11.69         -1.50814148917794
11.7          -0.837365939542651
11.71         -0.266756355185062
11.72         0.389882874526084
11.73         0.174979353658855
11.74         0.178669092915952
11.75         0.58986579939723
11.76         1.23996435195208
11.77         1.24315166920424
11.78         1.68509548410773
11.79         1.9246130785346
11.8          1.22575313284993
11.81         1.09113429486752
11.82         1.28928210765123
11.83         1.63814760491252
11.84         0.876713827103376
11.85         -0.591685014367104
11.86         -0.833485800325871
11.87         -0.833305121362209
11.88         -0.978548569455743
11.89         -1.66511057808995
11.9          -1.74133034974337
11.91         -1.1481119030714
11.92         -1.05606927350163
11.93         -0.422994012236595
11.94         7.75108094606549E-02
11.95         0.648697413504124
11.96         0.71154928073287
11.97         0.543983940705657
11.98         0.995120674967766
11.99         0.548446133695543
12            0.441254062727094
12.01         0.576345830820501
12.02         1.09828463561833
12.03         1.14769857801497
12.04         0.213106726314873
12.05         0.487425797134638
12.06         0.212011341825128
12.07         -2.24786292901263E-02
12.08         0.444815309420228
12.09         0.981195019260049
12.1          1.22811204582453
12.11         1.16363845333457
12.12         0.738948967829347
12.13         1.0254384881258
12.14         0.584549035839737
12.15         0.94701563179493
12.16         1.84431692048907
12.17         0.749961321428418
12.18         -0.312659355215728
12.19         0.396971892602742
12.2          -0.54148337893188
12.21         -1.7314872930944
12.22         -1.29459415689111
12.23         -1.66993745461106
12.24         -1.49955075994134
12.25         -0.96525529012084
12.26         -0.968965567722917
12.27         -1.12515354171395
12.28         -0.990847310498357
12.29         -0.690101182088256
12.3          -0.335364605225623
12.31         -0.396542122252286
12.32         -0.768317924067378
12.33         -0.904977001771331
12.34         -0.202121087182313
12.35         0.738333475291729
12.36         1.46730058819056
12.37         2.01744172006845
12.38         1.79239145278931
12.39         1.00496248908341
12.4          0.753818656504154
12.41         0.699328892379999
12.42         -0.406969571560621
12.43         -0.632234870195389
12.44         -0.632845465689898
12.45         -0.693227542117238
12.46         -0.420049683339894
12.47         -0.160346915759146
12.48         0.220298929475248
12.49         5.40004435367882E-02
12.5          0.149584110360593
12.51         -9.42213934846222E-02
12.52         0.305064278896898
12.53         1.04283117726445
12.54         1.14544732689857
12.55         0.930783761143684
12.56         0.87833131313324
12.57         0.710069350451231
12.58         0.3756285687536
12.59         -0.429315802529454
12.6          -0.321713585928082
12.61         -0.676381202191114
12.62         -0.636901533007622
12.63         -0.67352037884295
12.64         -0.237054034564644
12.65         0.252259170692414
12.66         -5.31751318881288E-02
12.67         -0.703921003192663
12.68         -0.935971045419574
12.69         -1.00201191097498
12.7          -0.883253499269485
12.71         -1.17427841238678
12.72         -1.5027564959228
12.73         -1.42045138075948
12.74         -0.889334822818637
12.75         -0.55741433724761
12.76         -0.110814713425934
12.77         0.299496468789876
12.78         0.159113847613335
12.79         -0.137623475426808
12.8          -0.38926277730614
12.81         -0.701457571238279
12.82         -0.48335262671113
12.83         -0.702195636034012
12.84         -0.391993317380548
12.85         0.082534947283566
12.86         0.380952239334583
12.87         0.843525688871741
12.88         1.01368156470358
12.89         -3.02262242906727E-02
12.9          -0.758398561254144
12.91         -1.20954399324954
12.92         -1.55586105465889
12.93         -1.38422817215323
12.94         -1.21364106416702
12.95         -0.791094948649406
12.96         -0.615366383939981
12.97         0.258791040480137
12.98         1.31485885217786
12.99         1.41774119630456
13            0.794408492669463
13.01         0.506942048817873
13.02         0.727502093017101
13.03         0.719556530937552
13.04         0.656474356502295
13.05         0.410215470604599
13.06         0.343651461973786
13.07         0.712555440366268
13.08         0.612555627375841
13.09         0.789339614510536
13.1          0.986412343606353
13.11         0.512425860017538
13.12         0.675052203163505
13.13         0.699546628072858
13.14         0.834392484202981
13.15         0.312369735315442
13.16         0.451361194252968
13.17         3.24224658985622E-02
13.18         -0.84320569999516
13.19         -1.06189236938953
13.2          -0.936074979677796
13.21         -0.807088691443205
13.22         -0.773829801902175
13.23         -0.548795322105289
13.24         -0.151730212094262
13.25         0.373290851935744
13.26         0.559140837304294
13.27         0.522614998742938
13.28         0.304634837452322
13.29         0.395651225857437
13.3          0.408255557008088
13.31         -4.61691442737356E-02
13.32         -0.137712937826291
13.33         -0.325386952981353
13.34         -0.261429669633508
13.35         -0.595818922743201
13.36         -0.704262846037745
13.37         -0.957225016504526
13.38         -0.70633846141398
13.39         -0.300989299491048
13.4          0.126188605679199
13.41         0.34731518112123
13.42         -0.326609240323305
13.43         -0.840817697122693
13.44         -0.69906708329916
13.45         -0.403720273822546
13.46         0.56921310480684
13.47         1.2025622715801
13.48         1.41837854281068
13.49         2.105901029706
13.5          2.07484339758754
13.51         1.73780535578728
13.52         1.81965526521206
13.53         2.12494394928217
13.54         2.25064885318279
13.55         2.1643522824347
13.56         1.4871935467422
13.57         1.11927387401462
13.58         0.999676313772798
13.59         0.466332916840911
13.6          0.216124602220953
13.61         0.533493195287883
13.62         0.405848039053381
13.63         0.492660626582801
13.64         0.42156466037035
13.65         0.850104975923896
13.66         0.767457287013531
13.67         -9.36759304907173E-02
13.68         8.86046517756768E-03
13.69         4.03827259596437E-02
13.7          0.125302962642163
13.71         0.214203846696764
13.72         -0.454443517439067
13.73         -0.374118488766253
13.74         -0.032111903373152
13.75         0.418226009868085
13.76         0.168080516271293
13.77         -0.275899646300823
13.78         -0.463317142277956
13.79         -0.505207728110254
13.8          -0.306117727886885
13.81         -0.349507375359535
13.82         -0.556401087865233
13.83         -0.180948100034148
13.84         -0.206205275952816
13.85         -0.145545557281002
13.86         0.146197119830176
13.87         0.133114166669548
13.88         -0.171025685705245
13.89         5.30834539420903E-02
13.9          -0.109523639073595
13.91         -0.469166441000998
13.92         -0.81515982247889
13.93         -0.30224001891911
13.94         -8.44384078402072E-02
13.95         -0.49731205008924
13.96         -1.0207072866708
13.97         -1.26771962285042
13.98         -1.20719480127096
13.99         -0.88959202721715
14            -0.585589620955288
14.01         -0.880801981016994
14.02         -0.697421092092991
14.03         -0.149885844960809
14.04         -7.44484901474789E-02
14.05         0.118603981258348
14.06         -9.34379351092503E-03
14.07         -2.43991489842301E-03
14.08         -0.140430084122345
14.09         -0.684483177289367
14.1          -1.04356025196612
14.11         -0.87486084446311
14.12         -0.392702548094094
14.13         2.88797567063011E-02
14.14         0.486692154295743
14.15         0.403869377821684
14.16         0.601331494934857
14.17         0.648088206723332
14.18         0.128032369818538
14.19         0.021433688455727
14.2          -3.42654648749158E-02
14.21         -0.568598525896668
14.22         -0.472131892964244
14.23         -0.765936280041933
14.24         -0.744753937348723
14.25         -0.10902183833532
14.26         -9.04592675250024E-02
14.27         -0.274216817636043
14.28         -2.41243572395433E-05
14.29         0.378485481776297
14.3          0.112401017351076
14.31         0.131090107290074
14.32         -0.105212980331853
14.33         0.103977555027232
14.34         0.424122122861445
14.35         0.253857360910624
14.36         -0.233156353700906
14.37         -0.32667443677783
14.38         -0.155207432471216
14.39         -0.606764727719128
14.4          -0.930788512006402
14.41         -0.524504782296717
14.42         -0.211461959369481
14.43         -0.446418871767819
14.44         -0.781356410980225
14.45         6.76960250129923E-02
14.46         0.379128785133362
14.47         0.321579209603369
14.48         0.64538028806448
14.49         0.832962547615171
14.5          1.00116304144263
14.51         1.26241210520267
14.52         1.25717811629176
14.53         0.708772291839123
14.54         0.337363293170929
14.55         0.272342456113547
14.56         0.241696979608387
14.57         0.335308873951435
14.58         0.176392954587936
14.59         0.691208571642637
14.6          0.81207212716341
14.61         1.26367408052087
14.62         1.13268044315279
14.63         0.929758232608438
14.64         0.915463252142072
14.65         0.661150301769376
14.66         0.568202303946018
14.67         0.847524234205484
14.68         1.13477718159556
14.69         0.71624510653317
14.7          0.550250401720405
14.71         0.656535898447037
14.72         0.805725997835398
14.73         0.40992976102978
14.74         -0.207227698154748
14.75         -0.486035329252482
14.76         -0.769842073917389
14.77         -0.656753414869308
14.78         -0.506630867309868
14.79         -0.414462961144745
14.8          -0.64131354957819
14.81         -0.687628540769219
14.82         -0.808261277452111
14.83         -0.809481664448977
14.84         -0.611506746523082
14.85         -0.321269307173789
14.86         0.485030923783779
14.87         1.01920681804419
14.88         1.42262566789985
14.89         1.28185745939612
14.9          1.09940342724323
14.91         0.762924525439739
14.92         0.48713906429708
14.93         0.194168745987117
14.94         0.408416940160096
14.95         0.569524286314845
14.96         0.837587841376662
14.97         1.18607809357345
14.98         0.826424337252975
14.99         0.623704440370202
15            0.564058418758214
15.01         0.286201179474592
15.02         0.303232108689845
15.03         0.118170766532421
15.04         -0.375506435036659
15.05         -0.74637069247663
15.06         -0.906024384275079
15.07         -0.878768319413066
15.08         -0.790994668900967
15.09         -0.561585156172514
15.1          -0.649374959617853
15.11         -1.05342355459929
15.12         -0.985348004177213
15.13         -0.896205666661263
15.14         -0.741523716151714
15.15         -0.714748657867312
15.16         -0.966945793256164
15.17         -1.03084394663572
15.18         -0.770732020139694
15.19         -0.30539468312636
15.2          -0.413594357259572
15.21         -0.320972780250013
15.22         -0.192127720545977
15.23         0.190022083371878
15.24         0.140255435099825
15.25         0.211660764701664
15.26         0.449869569540024
15.27         0.677321069017053
15.28         0.271768606714904
15.29         -0.24898242758587
15.3          -0.336043320782483
15.31         -0.26077715691179
15.32         -0.129862868087366
15.33         1.49396348500159E-02
15.34         0.513627901375294
15.35         0.406479392163456
15.36         0.345156169831753
15.37         0.463771324753761
15.38         6.18345659086481E-02
15.39         -0.267976376730949
15.4          -0.488807274922729
15.41         -0.328815248608589
15.42         -0.418146085739136
15.43         -0.667796320170164
15.44         -0.705433970242739
15.45         -0.879201232641935
15.46         -0.635319788083434
15.47         -0.379443913511932
15.48         -0.554163212254643
15.49         -0.541755055189133
15.5          -0.443673896379769
15.51         -0.116113295797259
15.52         4.33052842563484E-03
15.53         0.400888028740883
15.54         0.565675246976316
15.55         0.777326875403524
15.56         0.172396766413003
15.57         -0.115593962548301
15.58         -0.329832079410553
15.59         -0.210905012078583
15.6          -0.298115338180214
15.61         -2.96226888522506E-02
15.62         0.154803152326494
15.63         -0.22320960033685
15.64         -0.575719703659415
15.65         -0.715453978255391
15.66         -0.828170900568366
15.67         -0.611222937293351
15.68         -0.530783741734922
15.69         -0.548780923336744
15.7          -0.367984576821327
15.71         -0.452004497610033
15.72         -0.624858388379216
15.73         -0.7520394949615
15.74         -1.0584607116133
15.75         -1.21237243764102
15.76         -0.983091929107904
15.77         -0.440916093662381
15.78         -0.145268700756133
15.79         2.62755667394958E-02
15.8          7.41863932739943E-02
15.81         -0.209275173805654
15.82         -0.260385612733662
15.83         -0.228156399596483
15.84         -0.390035486854613
15.85         -0.606653338260949
15.86         -0.380996239632368
15.87         -0.239467838276178
15.88         -7.02983648842201E-02
15.89         -0.13420337503776
15.9          -0.133339074337855
15.91         -0.188215019647032
15.92         -6.09339576540515E-02
15.93         0.043596456181258
15.94         3.40921725891531E-02
15.95         0.16118524203077
15.96         0.222193610072136
15.97         0.615240522623062
15.98         0.777080049812794
15.99         0.659836066961288
16            0.544014528952539
16.01         0.425458394363523
16.02         0.299478506874293
16.03         0.252494466304779
16.04         0.109507093280554
16.05         -0.106761277355254
16.06         -0.372774177342653
16.07         -0.183147511929274
16.08         -0.442920080646873
16.09         -0.76705317132175
16.1          -0.616666731610894
16.11         -0.518351135998964
16.12         -0.335389821343124
16.13         -0.194251538906246
16.14         0.113396094683558
16.15         0.388218501135707
16.16         3.71817476931028E-02
16.17         -0.110658364361152
16.18         -4.08995330287144E-02
16.19         -0.104244964644313
16.2          -0.114193325992674
16.21         -0.176632672157139
16.22         -0.153615802098066
16.23         0.183457779809833
16.24         0.612039866410196
16.25         0.471017450205982
16.26         0.375096618309617
16.27         0.384804896637797
16.28         0.5085736047104
16.29         0.406382255293429
16.3          0.699363756403327
16.31         0.77609939865768
16.32         0.798462294191122
16.33         0.582284665033221
16.34         0.304643864091486
16.35         -0.029779640911147
16.36         -0.248319152332842
16.37         -0.464058532677591
16.38         -0.601396179758012
16.39         -0.737190198451281
16.4          -1.15502893991768
16.41         -0.984797927364707
16.42         -0.7261594992131
16.43         -0.651228965520859
16.44         -0.826531268209219
16.45         -0.99674605473876
16.46         -0.851672248989344
16.47         -0.65067355312407
16.48         -0.488534209951758
16.49         -0.22905001860112
16.5          -5.75722106499597E-02
16.51         0.142267114827409
16.52         3.91139715258032E-02
16.53         0.185692037455738
16.54         0.304189060349017
16.55         0.355283474251628
16.56         0.371792649105191
16.57         0.226195608917624
16.58         0.433137579225004
16.59         0.583171322196722
16.6          0.715983443632722
16.61         0.762308302000165
16.62         0.821325345933437
16.63         0.797577245011926
16.64         0.868766291588545
16.65         0.960177494958043
16.66         0.673438517823815
16.67         0.486947494894266
16.68         0.284954023193568
16.69         0.410501728355885
16.7          0.535711117275059
16.71         0.500750797614455
16.72         0.576732697226107
16.73         0.435071984343231
16.74         0.193817967865616
16.75         0.169525801800191
16.76         -5.06213010661304E-02
16.77         -0.337245910316706
16.78         -0.727563927322626
16.79         -0.855536527633667
16.8          -1.05172369591892
16.81         -0.90298529393971
16.82         -0.485905045978725
16.83         -0.361007752195001
16.84         -0.15247744970955
16.85         -0.109941651038826
16.86         -0.202797226309776
16.87         -0.25502121264115
16.88         -0.216424674019218
16.89         3.76686814287677E-02
16.9          0.215447184015065
16.91         0.197198444232345
16.92         2.51921256445348E-02
16.93         -0.175127726756036
16.94         -0.27894701410085
16.95         -0.507267921455205
16.96         -0.472798256278038
16.97         -0.457917384803295
16.98         -0.606521447002888
16.99         -0.35581005256623
17            -0.319326313957572
17.01         -0.256488955132663
17.02         -0.254603027086705
17.03         -0.234435742758214
17.04         0.108398022651672
17.05         0.362657251730561
17.06         0.422222910672426
17.07         0.263495436105877
17.08         0.183639609944075
17.09         0.278028471339494
17.1          2.44191602803767E-03
17.11         -0.366366213709116
17.12         -0.398929613493383
17.13         -0.239746841825545
17.14         -0.102181171607226
17.15         6.37059170287102E-02
17.16         0.220615793745965
17.17         0.185537488237023
17.18         0.115653101652861
17.19         -8.82050928007811E-02
17.2          7.57522958982736E-02
17.21         0.045962385814637
17.22         -0.029886941886507
17.23         -0.130215053195134
17.24         -0.184785518031567
17.25         -9.09777602367103E-02
17.26         1.64597533189226E-02
17.27         0.131436161957681
17.28         0.266231238674372
17.29         0.245263708066195
17.3          0.226124035343528
17.31         0.115698143485934
17.32         4.83012172579765E-02
17.33         -0.269627977609634
17.34         -0.278417055364698
17.35         5.08328652055934E-02
17.36         3.37628373038024E-02
17.37         0.10632499284111
17.38         0.239837053399533
17.39         0.359651307798922
17.4          0.556753492243588
17.41         0.497906967736781
17.42         0.376246034726501
17.43         0.387774843648076
17.44         0.458377304859459
17.45         0.484220170788467
17.46         0.487804258167744
17.47         0.386985213719308
17.48         0.519162071719766
17.49         0.45362713649869
17.5          0.124471881436184
17.51         2.10966010414995E-02
17.52         -9.98547472245991E-02
17.53         -0.148781379014254
17.54         0.118602519454435
17.55         0.36906031832099
17.56         0.456494866870344
17.57         0.480210259929299
17.58         0.325214789025486
17.59         0.266921758297831
17.6          7.76407364197075E-02
17.61         0.146730541214347
17.62         0.182916492093354
17.63         2.58722459035926E-02
17.64         -9.08081178925931E-02
17.65         -0.199161116983742
17.66         -0.491492535620928
17.67         -0.53990773703903
17.68         -0.625211706385016
17.69         -0.592557199671864
17.7          -0.410564183928072
17.71         -0.300803412850946
17.72         -1.68304884899408E-02
17.73         4.71992774913087E-02
17.74         -4.72581288032234E-02
17.75         -0.181996871251613
17.76         -0.241275760810822
17.77         -0.234976665023714
17.78         -0.057085690330714
17.79         7.40600614389405E-02
17.8          0.058153766496107
17.81         0.203604123797268
17.82         5.86876766709611E-02
17.83         0.129436670020223
17.84         0.341838459670544
17.85         0.278761913180351
17.86         0.233803750108928
17.87         0.130787148429081
17.88         0.129939576247707
17.89         0.122164332596585
17.9          0.067356059672311
17.91         -3.02542338240892E-02
17.92         4.43905446119607E-02
17.93         0.184018509518355
17.94         0.168266603909433
17.95         0.413540051244199
17.96         0.400359403900802
17.97         8.39590183831751E-02
17.98         -0.167782984357327
17.99         -0.244620203711092
18            -0.278627957124263
18.01         -0.304361461848021
18.02         -0.321680768430233
18.03         -0.163390629049391
18.04         -6.40746844746172E-02
18.05         -0.115352289816365
18.06         -0.129794510481879
18.07         -6.69412910845131E-02
18.08         2.75302901398391E-02
18.09         0.146852035392076
18.1          3.62914223154075E-02
18.11         -4.93213234143332E-02
18.12         -0.114333147536963
18.13         -0.144140900764614
18.14         -0.164560510721058
18.15         -0.175522925443947
18.16         -0.142529408130795
18.17         -0.172625246364623
18.18         -2.65115978219546E-02
18.19         -2.82785373134539E-02
18.2          -0.243966028187424
18.21         -0.386297398433089
18.22         -0.272552480790764
18.23         -0.310377077311277
18.24         -0.385091702565551
18.25         -0.164037842731923
18.26         -0.130774156646803
18.27         -6.79680438805371E-02
18.28         5.99001836311072E-02
18.29         0.110724026765674
18.3          8.82570690661669E-02
18.31         0.134816090147942
18.32         0.110759429829195
18.33         0.165153418388218
18.34         0.298906612638384
18.35         0.271825123708695
18.36         0.133968298695982
18.37         -1.80200382764451E-02
18.38         -4.39828520687297E-02
18.39         -7.45726247085258E-03
18.4          7.24818887980655E-02
18.41         -4.02043904503807E-02
18.42         -7.32092001987621E-02
18.43         -5.80283848335967E-02
18.44         -0.117741105817258
18.45         -0.150926822936162
18.46         -7.48144710296765E-02
18.47         0.139921257589012
18.48         0.156383691262454
18.49         0.256089243125171
18.5          0.225661557130516
18.51         5.50167855480686E-02
18.52         0.158064272403717
18.53         0.188599565438926
18.54         0.199920999202877
18.55         0.252980242017657
18.56         0.238014238737524
18.57         0.191313587129116
18.58         0.217211910244077
18.59         0.201189461275935
18.6          0.144877768708393
18.61         0.127900560786948
18.62         0.104862394072115
18.63         -5.59135154541582E-02
18.64         -0.122240419490263
18.65         -4.24861064739525E-02
18.66         -0.107495057238266
18.67         -0.094556987117976
18.68         -6.20237918570638E-02
18.69         -1.60343592439312E-02
18.7          -8.06966100912541E-02
18.71         -7.85363105870783E-02
18.72         -4.24764311593026E-02
18.73         -0.109202215801924
18.74         -0.172406925950199
18.75         -0.161725031398237
18.76         -0.171281556207687
18.77         -0.136000041682273
18.78         -0.16849194098264
18.79         -0.227466044425964
18.8          -0.213370673283935
18.81         -0.183811828717589
18.82         -0.168525836560875
18.83         -0.148422250337899
18.84         7.74385769327637E-03
18.85         0.030418602253776
18.86         8.4468991518952E-03
18.87         0.130057315416634
18.88         0.191082037389278
18.89         0.307094706259668
18.9          0.295466787032783
18.91         0.282305709589273
18.92         0.269143225159496
18.93         0.089644412342459
18.94         8.1351917370921E-03
18.95         -3.50312194344588E-02
18.96         -5.30097379116342E-02
18.97         2.26984571898356E-03
18.98         0.109112981809303
18.99         0.141241193432361
19            0.134506443534046
19.01         8.01178179681301E-02
19.02         3.14270162628964E-02
19.03         -2.03996540489607E-02
19.04         -5.15285422559828E-02
19.05         1.04817530396394E-02
19.06         -3.46993905171985E-03
19.07         -0.137699662819505
19.08         -0.145641890158877
19.09         -0.112154054716229
19.1          -5.54480953607708E-02
19.11         -5.39602804742754E-02
19.12         -4.70967639237642E-02
19.13         -7.15376502647996E-02
19.14         -8.94646104611456E-02
19.15         -2.06649371981621E-02
19.16         -1.53812846413348E-02
19.17         -4.94043641549069E-03
19.18         1.58633784356061E-02
19.19         4.29746459098533E-02
19.2          -3.96275580581278E-02
19.21         -0.119262560466304
19.22         -0.115038723740727
19.23         -0.106323832534254
19.24         -0.133443885678425
19.25         -0.165537251550704
19.26         -0.154047107342631
19.27         -0.221067344974726
19.28         -0.296889250148088
19.29         -0.323344776369631
19.3          -0.28623536741361
19.31         -0.194489611946046
19.32         -0.142458675093949
19.33         -3.89183136401698E-02
19.34         4.74495840026066E-02
19.35         4.30731623573229E-02
19.36         2.70206162170507E-02
19.37         6.24368976429105E-02
19.38         8.17727901320904E-02
19.39         8.33355955593288E-02
19.4          9.36168736126274E-02
19.41         0.027667450744193
19.42         -0.072691484070383
19.43         -8.64651441480964E-02
19.44         -3.41202894737944E-02
19.45         -1.61499936436303E-02
19.46         -2.04301555012353E-02
19.47         1.15067208360415E-03
19.48         3.96277956012636E-02
19.49         0.055555081134662
19.5          7.39312719460577E-02
19.51         0.110696535715833
19.52         0.146444091601297
19.53         0.190195964947343
19.54         0.183310539610684
19.55         0.192934325672686
19.56         0.188862087149173
19.57         0.183211794756353
19.58         0.175286131482571
19.59         0.19505620714277
19.6          0.172582433782518
19.61         0.120001666797325
19.62         9.50862149521709E-02
19.63         7.57632502913475E-02
19.64         7.12207905622199E-02
19.65         6.25459253741428E-02
19.66         3.17047178931534E-02
19.67         2.14092808985151E-02
19.68         1.37710825062823E-02
19.69         -5.36351958406158E-03
19.7          2.08666090364568E-02
19.71         4.01270336145535E-02
19.72         4.99414343386889E-02
19.73         4.27769232261926E-02
19.74         1.88918364315759E-02
19.75         8.03639149409719E-03
19.76         1.27668654732406E-02
19.77         4.9750731739914E-03
19.78         1.18681986769661E-02
19.79         2.22990329749882E-02
19.8          1.91224508453161E-02
19.81         5.18618735193741E-03
19.82         -3.81433520000428E-03
19.83         -3.14686811005231E-03
19.84         -2.13401786866598E-03
19.85         -0.020267287704628
19.86         -2.33816495211795E-02
19.87         -1.57616266049445E-02
19.88         2.06180575463804E-03
19.89         4.76351503020851E-03
19.9          6.69862963724881E-03
19.91         8.26956178061664E-03
19.92         4.25451405113563E-03
19.93         -2.41192506509833E-03
19.94         -9.44457461242564E-03
19.95         -3.98415484494763E-03
19.96         7.06740008099587E-04
19.97         -3.72215996940213E-04
19.98         2.38338598464907E-04
19.99         2.44429060287075E-03
20            4.80228509637527E-03
